{
    "rmse": 9506.945895502487,
    "mae": 7463.526380633945,
    "r2": 0.39894807923261966
}